$ANSIBLE_VAULT;1.1;AES256
65373432376430356661326538636536646639353761373833616261626433346332343064636365
6564626632666161393330393665316335363434643765610a376632363836396332303039636462
63353634663133316536366539643865323737633832393538303636303063336661313331303432
3534633936633431310a653239343538386638326334353964303736643966656239316630373536
62316261353836656330373439643535623964333330663338316165616431366538323030343232
65633030363731346533653135383938326637343161326361613233323530333561343831313564
65313164306530636638633333356232323966353535376239633230623439633362616662363733
31366263643239323862363533383232386437306139326637323535333639343762383134323331
36343864633662633034393639633639653231363430613039313434666532613730323631636435
37333334323662633462383065653337383161303534303364323763333564656232613964383232
61653434356130363935653061636630343338346233633133326264613030313930393237373733
31333638326634663266653566363165633931396333396161363839356539383262356536646636
66613136386638373833316665656266323566323838333632306565393538323338626163383037
30663865626236323666336166363134343831653264613163656264316261666537363333323839
32653333373631643064666463323464303130656638653564383237626431393637333435323564
61653936663662653564
