$ANSIBLE_VAULT;1.1;AES256
30613930636432366139343065613033373762326331613939376463343632346462346638653532
3234393435633966363130643732343661303437376561300a336532626466643865336333643963
37303437643530356164356236323836626239643332313261306461653236623961303233393662
3832306534313966370a623162373937326562316131366137623536613432643833383533336638
38323735613531396663386137623366316162633431303237656137616433343937353537303761
61363665303436386235313566373537646537653763663231626636383935333234653663353464
36383739626431396664326536303937333834343334663031623938613737303136333562623764
65313562353937383432663733613632303432383666393436323230316137623939333037663765
65383237363434636165353439323935333965356561643065333832376162393237616139336131
37343532623839313765333437616231666632366265383330333237633539663366393033343033
33663664343334336435343566623266323433333766393932393538643230613436653731613838
32353439616430343230643535393333663661363761323064316431303232373835303134353631
36383864393863303738373063336263333563303562643664376233323239626664376533363365
39383265306266303562646537386536653235353936373736663661383032396664376361303366
643439636666623830626362356461636466
