$ANSIBLE_VAULT;1.1;AES256
30633161306234616263383363343538356639613331663065663162323962376430343936393136
3561663037356530316633396230653236393831323032360a666564343130626434393165333262
32336532623363303739303064643037316336653164336233393462653362653561313937643637
6232653863363137640a633262373761383364346566353535366134316562613937363132633833
33343864356435653638366466613532316231356330626336373161613861313332313462626537
34306331383336343030633163366566383866633563656539303630313537343233383962646136
64623735613761643335376364306665353930366666616162646535383065653436383033663362
35316466333130323964313539383236613161363638646535333039333431336161346161396138
36376338623639643133366266653932373639396530633961653935353036613032383666383638
36643930326461346366386238643836313532633436343664353138393763363438343165663666
65646130646438313963363361643362656363653431393565396663613565643035636239323637
30666537313465376361303761333332306563663062643039323639386531306263633532393433
34323664303837383631623337316664643031313362656633613838396630623835646163313162
33316439363531626339333930323334623264616535313562343532613861393661396635633133
39633339373431613236336630313239383735326165313136393339356139633933623661633332
34633939326263353532623363653361643631646630383231313666613666336430343666346439
34343530323636333462643166386464663862653863666661636535626163353565373036363830
35306436643161323033323262346432653939653262316262396562623436656265656638353737
396565386139333235643531643764663863
