$ANSIBLE_VAULT;1.1;AES256
64663061363533306535616634393466323237373435336335386332346438343636303035376530
6263303936333361666332353863326263373539653863320a353835666535386363386133373336
63323661666463653532356364336438636631623564663836393661353831376665336435636131
3632633433616339660a343830666564323266613766396364376435663732326464623866636134
64633834313038666564303362303431343764623932623637353564333534633838316235613931
36633831633038366336363933346336316139663639653962353833396137333138333165376433
33393635666633636362646336653833366636346433303566643066316435306235666564663665
30636266323261363036366139656563303431623536343963303366626636316435386436613962
66326539323135663965643962386361303734353834653335613336303535623865313137353930
32613535376539316664303064613330626436323762633163323734353633363063323934373437
37643461393737373862343430616464353963316466633937623534396135396639646335396630
38333935613637373961663038386661303066306266623537646132616562643463633534393365
31343136306165646438623565393365353462643666353537323234313663613737623734366461
3833383962666639323639613862316131303563313531636231
