$ANSIBLE_VAULT;1.1;AES256
31613632323964656464363430353037663265623138343030343162383337376631373532393933
6539646562613335383430366262633962363431323232360a333838373963626534326164393534
38366533623338343866393638336337323636633138613933333362386263626533393938343437
3038376431393366340a323765346533306338643335343338353230356532383966633132323366
36353334663238353235366661646561623461643739383036623733356637633437343237666139
34623530663534323966363331373463626464616165376266343165643164373961646339336465
30656639353066616432616232383634643134323935303638376665396265303737653262663565
36396332343866383038663130663766666566386630616233313537383263613435633864373962
31323939666534626266643563313131326164323863303734366233323035363935613337333962
38643432343836323732636431633361373035363735633737666539336664353238323430656134
36383263613234303935343461313732363934353838306539663936616162636439343132383938
30346632356362346661623733623431653164373461353638306432326265633639323163343361
38346435346337333931613664643833353234393564633732356532323833616639316635353030
66353732616635616138616336663462616362636437636561636330663462646163646630643236
66396236393663313134613566633964646363383339333436303066323564363438376438373737
39343839633735313332
