$ANSIBLE_VAULT;1.1;AES256
30373939343531396532616538306639656163333936343561623631313938353765333963396566
3661366633386535623462643632666133653333616461300a333833623039643939373663343737
32306135636438346530613737346333396231623136363161396436626630323164323338396431
6261646334303833660a376136306135323936386330343332356562323438313066613138356332
35363033356537356538376163623037633562386264316339666331616566376239363463333161
32383134646337376331313761633163313338656530373466373063656166373936313335653235
62646663363935393636363536613763343330303665326566363764663739313934636134343130
33623230363831663762613937626233643039666163376333326531666365313938333537326165
63643931333961626633343063383666373331356134363237326664623134613939393764343835
35306232303034663936353439323537646436613661323266663536386231343432646162633736
633331306231646564663230373565393932
