$ANSIBLE_VAULT;1.1;AES256
32376166396430316430633636373662636636623034313065613063333266336561366361663939
6563333937343962633163363763326266653062323830630a633064653263313065623637353766
35653662316662616130643763326364316165363064343830336637356137633739396564613831
6539303534613631370a393464623533393163623862363532326633346534643837656639663332
63313636343033336461346339616335663332393030303430383464626238646262306663363831
35343739303734623864653938353065346331633137393639633034373534656437626338376530
32643331333231343937616661313461613363623963633031633465323965373937656362626338
39656233666132333765313764643565643563613137666638393937663131656362613963643465
66313834366336363263353230303036623530313135663736326234303530613765353636653936
30346535623038323438373833376165663665363665626566646262363862646439326135353530
33643763623461656431646562623433356133656130363330633635626335356638613565303431
38323263356534666235356263346563383361656362663035626665306263326437663235623531
38373735336165353132363164383632303363656632303864323537663765653935303663363838
34663735393230383965623063616236636333336263313135626432356635326234653237663462
39326532303637363438636235393037343132623434393166326134663764336635366563356237
33323238303661363738646562316165383937613739383336313437396465653565663463376635
64623762356636666432613532343661613065616661386362386664613439613530633836353565
39326235396234313365386635303262376133333033646565376436363039313636303636336135
32666361623439346263643462623837353662396430616565333065613134373462663137323637
34643833623237373438336336333837333834303432616562613630633836356335323064353238
64343938626166353436656463303139626438633839346537383632633063306362323962343332
39336535353663376365346630336562393632383765633136376632663832656437383833636633
64353961616138643630633766613731343437623335393863643838383966376538363439623436
35636133366634386364336564316630663162356334346463306265663337336461613636633531
61623033646236656433343861343466383234633234663462343765303534616435363666383737
31343035393032393730336263663766663963393864333962636236636332373033646662643735
30383338336464623665646339313164633639623832666230653138306163366264633364356634
66336562643435653337363434336631626134323932303739396135343037373633393735306534
35363863326262336663626662663233333030383631316465623738643933353530613038333135
35373132316164653831663763333663646562613836636638343466373733613966306563376164
39393939613034316363343434636561663133613238633963316432366261616237656332616365
65396165346363303334396166363066653164386534613134633664343738313962316439643030
64366632626462633539666561636231356335383561373064343064353731363336393038343630
33626333663239623965643863306235653337353662613761643836643136353765653966656365
62653830643832363236333233393963333132376239396533663432373766313762633832656634
38383536383061356130323833376331353866623363303266636663366161373831376564326364
63643834353434346462363635396262386333363363393838373136383539616238626466333332
30653439326630646334356433396561353235326231643035643861343936303566316331666436
37353566663831383164383363393063636139393964386162643866623161336364363737316365
65393934316466383165666362613237313263326461356132353131633238633130646336323939
37346535623132303735396638613764393363333565636665306161353232636235336538396563
36663363666564326362316535363434323838636463613031353261373732356136376463623461
37346135313935353038396266333763666466383963306632353161393132393539656432366634
33323630306635393034666162306363356332383862396162333738373731613537383533646463
38653432663762396538373737356532396233346563326439323762396336373034393939306136
32346131323361646234346531323263613761366336353663393631303730656633333738363263
37306336366631383531636666633631613765363730383239353837636661633938303835363430
35373237306333326338616464653462343534363533393031316639353963393438383837633831
64616235366265383831336531336436616566343139663930333437623435653761643663636530
64626464656465386166373263303366313566383637656562373630323663343566343833326666
64323437313737643634646633663733316663353466636238663066326330633637663761303363
36373361336262636536623364666163343637626261613831366162636165343439663064653134
64656134393736363663373735386163363865303938373836343934313365303334653237303964
38666466666163353632666561393934616634636363363033633130393030373631623065643039
32343730373432393261306231316466613034303065353237313761396563663166383062636263
39366531386137336566313832613965326630303862636563313364366361656334316430616533
64663661656237353430633666366464383162663030366138633432363361373030653137663136
64393234366562376663663934643936616139613436346438316332366636623939313962643035
36396362396530643834623664613239656639353161373066646361666538343532333563653962
64343861636461333763653939323331396662383663373937376538633631393965656331356339
37643233353266366434353739663165303431316639653064323231646334393563363965326665
61333232343064623561303266623339376530623565396631653865303834336238613166653061
37306439356637633266373033616161326166333235353839613336356236386136376537613163
37353231333862353939356634326134663765353163396535646164303563326636633063393033
39313163343634383664356335653437366365316461386434383734376231366330303266356539
35353736303464383564633030313231646237616138353237383731323337646131376333393266
62333939616436656361366433646236376632326261666462333835633736636334363530663963
65396333313962366437373133373465323430313064393236303435663965393235323435336463
36303131306561646330663061616263336261643538316230366363656338353036623534643264
63396666386366393530323833633438343063316463346131633838326661656334333532323063
30376465646635636533353566646437323261623835366464333835386564316537616362653265
33393033316239363261
