$ANSIBLE_VAULT;1.1;AES256
33623661306237316330373934666338366265326561633465663234623030323534393366346634
6163346366373361643932336661363130323963323030660a383164393362623032376338373034
64636338653533623838663838383362333732376236303038383532643136373431316563303535
6430663837656239640a663963363632396332663236333765383139346233336361636333316162
64653837343239633034346637336434643064383561623831343164316232656638336436383837
39363563353836333966626632656232346132626264613738393337353962663166653832323738
66363439313532363736326139393364356237643934333336613631633934323066373030613336
38613036613465623463373066346663323838393461353036646432323563356264656235623264
36353630633135366463343839363265653634353837306563366436643734666139663235626131
32646335646238323031303539646561353766653839306464626537376161353534396331656634
34663634653237363939643936346331313065333631633235343234353364323961653138653638
66623438336439393066643234303430383237313536393238666439653963313730316465623632
61363632356431386638616233323662663635373332653663373731643836336438396638323432
38373561613634623639653533373637313966306231343262636466613232663139353935343464
61376565333062353661613638323733393462323739343739663362306630393466323634633335
33613266636236663965616266396638323463333534356166663939653336646363326634303137
65353834303031623763396661633734343432333066336332323934396264323366363537353964
31343265653136613937383234633035363532313737343464376537636430616362663731653235
34323466353939653763356130333533323263353564656638303862373538386437313833313464
31343836636439343261633430343432326661353135383261363935626635313531613365363830
66343338306638323066313532323664326532623433643336336234356235306164376239646331
30343066353930393063333432313763333333626334333537393264323139326633396330393162
37666462303936623361313666643630353433393538343639393662653434613138653131323965
64366164663962386433653437373066386437326363626130383465613963393965313161663265
35303838373735336437323634656665653236366132343466356434306561663731356534383434
30626363636134646666613266626134353461346330313132616435633932343536333362633136
61346533353536623233386136393731303135316362663362663139306431326131383563376262
38386539646165613633313565613863343261316166663738623733656334336135316165343362
34613565623533616662313338306663643133386265626537353039343764373937636134333238
34316433636237653632396438613663643733373462633334623930366663616134353936346163
37373433343034353330343265333631303163666535383964353364373030613865363732616265
30336631336636363035613765333262663631383636353331656339643438363239306135346634
31356634376165633463336131353231626566303030663731633530393066383237626331343063
65343431373761613637613235333665663232623830663238646430633464616663323763633466
63373231653339653331363130663234613930313330343363343939373937373338663666313034
63636161666130613037386434313330316234666431366561623631616534336131376131376666
65373434396431336435663664316461323830633166643765356464363364666161323839303964
36393561383066373361363164396366326535626633646134656266383365663038363439333163
32613832313565633939373238353230383039323663346339313331366136393935383635313336
64343534393533386338373934623363633839666461653337383265633462346435626230306238
39666462333562303232346637366262666632653939613962306332383031646565343032346662
31393862306262613662656161326161643638366533306361346338303663393761343535613331
39613236623666346363656366363833643664343463303832396432623032383032343832303437
61656632326438313763663863343565363634373832356661383136613563336566633130353634
35313366353961396434346234626264396465636334366263643666323965663930303261383336
38666438623639623964326633386466626533666433633166323234656236333165343238306563
66646533353661633539653039306364333163333535326431623138666536636163313535333139
37336332396339393433393730616537613539313537343437396634633066323861613062313930
35393131623137383735343235623135343439626637353234323065323961646633363963353964
30363762656433366230303566396338323637633135373532623562363765356364376339643066
37646439646535383362343464333934323834386265373036633664363539373933653161633335
65346131663031323564316338636134323266663462393330373361373839333033336432336333
31316237393832306338626539626234646239613530656536373665613036373337636662653336
39303162323535336431636162663238393366333637373265323962333365313964336432333130
36666134323431383936356364333435323530306430303734356631353531646439663230323134
30613538626334376531323136643035633165616637633234623531383464353533356539656538
32343932376239383134303734323939383663343563613965376562383862366461393365373865
33306261333864303162666236353732356434396335363432356530613462653465626538393263
37646333356162373937643339303738623633616533616565653232356338313665356465313165
32356634633461346133633435303731646637613737666535616237653530346334656231653765
66376137343534633831383532333636306531633634366635383537323164633439343833303335
64663466373732393866303466323637643866616561393439663233623435323232383438316365
32666662613537663365346563336230323663626637316530303563313632653966666561313766
36313264363635653132623436353930303737333638316463376462653064633534343630626436
66663962303037353664633238356633626432666633303836613533343135393863363261666432
31663739623065303837613232343863366565323334336530323839326364303937636165353131
63363665373933303132373234613763356366376537366332666232323765643735636165653964
38353238303166323832626239333036666362336331386530333435383365646236653435623130
66303531393436626664366639386633643630326164623430396663313639393065363465353161
64636530333437623030393030306663313431303236373261656566343465356232366431303131
32326335356531313864363836316361306331323761653639383230383039343539643539376530
64633632363462323231343339323432306230623262353936333633623436316131633230616532
62623239363730383661393432356336333264373534656166613236353263623335666266383537
31313464656235636636373434356239376464626433393135333132343533353133653735363363
32623365626237666533653361336466396362643938313862653638303862383339373737393237
36336634653235386134343833373865363364633635316134616637643639353063643034393138
61616137373130616234613564373436663663376161336263356336333364623431346538333332
34393330383537386630626233646266316438333830663730386534373239343934613762323738
30666463303339623762316464646531326363383361663036356536353066393831653837616563
61666237656332303062623937343332633737326535376237373932313731303337623030663532
62363139393066623162313535636264376434373639333833343637326163313434343039356132
35306230633733666130613831616464316131323462653134303232363730616236653133303738
38383162343337303135626234346332346431633765636433653131636538336136323938373635
35643563343864313632653862653134313236636431386465636436336432383034623832363864
62303037383931303736373763343864626233353434306365313461656137313131316463346566
32366166353763666563393536303931313239393230303831373939386538306665616361343639
64366333393464383137326365373737316562373865623362646534613037613935616166303038
61636634396261623832373438363338633035313666326334343837653837303337663664343539
65633065373134316336383661306564353966386432663138393435333265313261316364343137
62363236356162343764353633633832626365373164646163613262386431663834346532633564
63303338643830623237633333356463393638396661623334376139633836313530343334356162
39663763613266376638353438613834646534623937356237356135336263353562636163373235
31303336356662396231363430376537383334666666386435633438613736333634353865306536
65663435383235366135323764626531623962346130626661383633353363306633383330303330
30353938386139316165373735386330616161653030396164613233613636316630386232646332
63306537373562613462383132316363373134313430336661393465383365376431633130666161
37313330333766393636386266343136343461653332663364303938356237663234643363333833
31653133313532636631653864646638333464663462353936313935333936323762613134366335
63393531366363343935633062653530333632393462366439663064353163663364363930633636
36353563653836313263653863363939663737303066356632396164613833646165343038653561
32343138303766623939333730393633623835653565306363303533366437303838383839356538
38353233623366346332653431326465376664623539383361656533346533353437383330396335
61653463333939623039326530623361376333343831376330666163376631393934316139353233
35303632326130616437386135366534383564653364393262343935666163633335383335653432
32353665616338373465663033356235613136313833333635343464313634623837356662313136
65663039616434633635363330346131353761316636643634636362336430663833366461646166
35306564663130333735373861626234613063306337663633353662333066643530643537353461
64356363633135303239306164316562356233303036376537616439613239656463653061313235
62303336383238376461616338303931653435396635343438316137376665633966313966303037
33326462636635313865396134666336343562313931316131316135323739616132306663376638
37353437333664343432646661386266653032393735623734313232616337393965343139306230
39306237613465643961336236633263396233646466323635633337373964646533383663383137
33616338626535343034343037383537303166643138313366616138666162396362626635383965
35626466306465303761646664386232653335343239323032656138316337323832303935333837
66323638393834376564346462323462663035623333636536313434363061666331336433656433
34343030623736643136346638393466653831393737363833646130656532643233626231643664
62306631303439623431316432633130306166313035623562623338343034636138363435656464
64313537393262326537656266316262343037313835663132383838393530323163306630303162
39663631326634326633363863386263353932393538323939313339633365356665363233363839
64363564313731653436616632636137626138356338363631303166393863353435323136323639
33303762616236613435343932346663656234616333383965663539623863663431303134303037
61396233376134303131626161333538653064626666396262653435633463643565373734383965
64316235326634646433303930376238626465616233313030633335333834626232343730616236
63616439616434653365643335666136643065366464363131623530393737306166643835323064
62323437343537633765313937323564623839626565383235323464343666306235393433336632
62663766356537386631366332313534663235663735623335613832636139393832653332323637
35353035343665626231323431326563303632646361313964633031663838373931366233356537
30353337653764356562316462653265383361353732633437346363396665643837376332656462
37353432326466343833333033613735343930616430623965373537333962366366613035363464
36363836393363633964376235383664373939363134363663323636663432363539396662353739
61353663323039303034393165313834653564323466303132376463643336633737623962626433
33343534653961666463613137303339323739393963303464373761633734653137633231623266
31613466306638316533636638643463326633396138636464333238343831363563383065323463
35326365643561623534643561356332613734363131313036353232656366303838333666643832
38313838376664303133613438383634396230353539643633303034303665383035633861393730
65333265373866386436326335633665323932653737353237306465373332313065383464646162
63396435393230393837636230363731366235343739393031313138663831386534303964633562
63376661623661353334656138373635356533616338663730356262643433633237313431353466
32383561333839383965303066373031613139633036656531386330323831313337636139373637
61643164623161623636626432313265356265326239306332363262313336346630396630373539
65643838623137653633666430353961396436363234313434343563613362393432303631336133
66313534343361376565333534633638613536663238396565366464383832626236333364306364
61613665633936323064653230346264393331366334383164653234383333383361346466326265
36313430333164313635616338326366336330393237303365313638336263643639386361326364
34643639323363333135373836393264343933656233653135666462343137386435396266303564
30613834653730623136353063666435313132346236623639386636323938626664353338396534
61373835623263646163396131393139313232653830666634643262626539393766666536653936
33613362663237383538303534333465663265383665356465366238396632633032386661336431
65616536303661626337306533646638363531613261306131303537643865393763353561333736
65366332396266313038306130346330343366666366653063636633356235336166643466656438
32353435346138663561363535373363353761626335396632316339353562643534373336316531
38643035616564336363633038313163646539323163663562316461643730323731646137633138
33663038323735336432333164613435666465666632663235616235343536396265353231646232
66626638333331656261663866643634613562383532323132326533636537356565383636333463
36336132326137653764333536656563343938323162336366613864333530623830643766383230
31336631313632336435363763663765646366363138393332653961373130326564356262613165
35636164353137356133303836373266356666343436373833663265643237323536396533316465
65633432353438383437633139626262386430393661396435663036383736623736333534653633
30633135656536373034663931396630653932353364343332343166343930336231636262393166
33373434653166386663653330323939313266636537646565316436363832636164623932376434
38663339663261663665616339303363653535373436346566396666363834343138383561393962
30383539643135343862666336376561613462393866386562393530616532356131363030366335
33356339393638376564313664643961333462613539323730636637396166363661323836663036
39333630643631636236623534326161343462356262353235623437653533363230353561613663
39303364333432653030323138383837663462363066633333363763666662343236633865643030
36613133643632373362313337663864616165313637656535363730313836333536616338303739
31626165633963366137636561663762306639356265326232323266393261626239366139636435
37396561306661666434366365663766643539663162303537633634646166613138646639383864
31663032343963663733653938316139663063663464653537343037373739363464313036383362
38663763346330666636373761313937366637636632626666363932333031636535656439333436
38313838633566303234666536323536626434656566373863313134306331376666373531333033
65633739373036656233323062393936383937326664346432346635396661356139343665323632
65633735613864333963346263656364653931613933353365303235323334663266306138323934
61626364303165333938646564643232663863316561623231643436366433653130653638373766
63336430613664336665323038663830356635643738303864356139333138616330323130396661
62643334626437326530623137313538663033613065306233636536303162633730633230643637
61343730373438316666613836343437323832383463323537353238633134353132393436353264
37393639383632373438636138303534363933396564343063616236376639343938656437316264
66643364616638613764356135643134356430303166623462623464323637323962356230633164
32333833386135303661656332653263303631386534656566393932636335623830646238613238
33633538636364623435336264343865653563646163316565373261346264373130346232326435
39353633643637303135613937356464343562323430336534343161663633633338626364666237
32383238333463306434373233626531323130373536383561343830326634666136346433643039
66373130393535316463623065633736396636313464313563633161376231643632643065393937
35343135643436613935366434363834333837626539323562383763306562643162653038613138
6662643932623663386339653532613765653730303131316434
