$ANSIBLE_VAULT;1.1;AES256
63373637663033616331303736643765353936653239666334333434646330313430636635363365
6665336365363731373235303864393437353833666338650a646166326265376537373063663530
61326362386137616131336364386664616436343433386235613561396562393133633265396661
6537396131613932650a626533323935393639616337626137363965646661353431306336623164
64663962306265646634356363313332383266663632323832383333303661343430643934313231
36613566613331396334333037373363396239353230623964326562303337373137636466363034
35306639303432613531363365613238363334363036373536366261323061613136343030613763
64663461383066313534653364373839646361653663616631353165346539663430636239323435
62643166383631323737616364396663363965363034663732353037383066323630656436373062
65616439346632353434353765346131373733653163613738343433616435343763336566623430
65643363383762383462383632366139386134373539303835623263383534356234383164303534
37656437323838663264613134343765303166666637623632363662346563346363623865343735
30373566663365373038386664313166336433633534626639623033323261373732393031666163
33333861636466386539653137303334653233343437323531343764323835613064323061356639
36656166373031313639626634656261633734663366636635656535633666336366666463626261
30306336313133393537633662633164353764613536376533643462656536633234653565633261
31626332323564376261356134323734386539303563393530666361626165663830643136333230
35646134316366626634396561653962333063333665313336623438393735326235326130613532
31636562333931663966616261363062393564613235363731663537386132393165383730636337
32663230316163353336663135376534323331323237663131613637666637386230646561343762
65626164346461623338313931353136653734363935333365383235666166376362346435616537
61356162333862636261623062396132326335333464376633366232393537316338396461616461
32353361346638653439613364376633343332386637393335656561633865316166306538303465
39383936633964666361373066656265663232336364613362633739303132333634386264623464
38653639366239343138666262373334353863366433396662613261363830313565616564313937
38306563353330323665646234613563373761303561383465303964316531346263346132303834
31383331316134313662333733626231306539396261333165643433356366643033356232616337
33343861613239376461623134336364663736396165373663613534313663343337653065666331
33636637653861306164373132653465373137626661626134343437323431383162333637623731
37626661306236383836656632303034636136613864383636363731383138346365393032336335
63343366653861656261346366313335373130633430663463646461646663663864373933623830
34393331613966636539323635373664323664336465313865373932303235343965346336336464
36383466633630346466303336343161363631306266353434323135343934393735323063373162
39363530616538356430643262643838376462663837346433363761343636346236623263323835
30646232373536393634663235626637306465383465333962393335363861343930653864383561
37613733343163376462333862633331653037303030316230333837383533653565373465313631
35303735666232353863393639386537383336653565326231613637353833626134373537323964
37323739616662326336633135316136643334353037373035346564633066303166393263323266
30643864653033366433663461623061353338366164353037633561633834383735343932636564
66353331613664393861396431363530623161363538396236386632663766396635303235373436
63636462636236333039363830356434366638663031383863323863333432303038343634613361
38613132633932373636313965333861356239383366626563666664343830626438366235393930
32313136616464313735383734613632353862393030656131376265346165376166346461386134
35643962353437613230326561313632396231393136306539653834663736313536646133376462
63633361633462613965613937653734346162383731633533336136326534613339333266363863
39326533336539623231363964363831306132666430323838386139376237656266663936303830
33303538393634623730633531363065666438633239373433376430366164376664373163656635
66636634643539306663396337633463656230363739336464623834396563336137313861333031
66346362313933633130376163396435666434363761356333323035633430326630356637333362
66353463346662356366396162383235653332626532633834343062653733646561643964323764
62396637663134303135383165333833623262386139363633326432373137313364393935316537
63316561363837343539393061333137396166353733643163663439353834386135376639613738
66306238356332353032386135336433643135393534653039396536623338393662303263653030
61363733663834323432356530393438373933393439303631326231623666306364333537393035
39636262313237636434316665626335363037383235383331396133333238656561656239376162
35643263663633366437383937316537643862656666666437343337633661393239356266323565
66396434303665656163383237616461643439363032373165303630336364316134363431663038
65363163626439663264363062663563386165373766353836336336303435353539386434613236
64353437363464396663643962313538646639393865313464356262616133643333373637356362
31303937316132346564
