$ANSIBLE_VAULT;1.1;AES256
35633362306630336561336437643964333330313839663862353032353761373038643161396662
6632613935333063353134346465623732333365613863360a326234643339653962653632393631
32363033623561616365313762396161643764386263656238626166633763336631633937333062
6463616630646432330a386166373062613934613635636666333039386164643763633730343934
33363766313436393061663461363138333063323562666362373532616665643233623035636162
63333866393166373265386165333431353130316639626264623463616236663838663065616331
31626231316665643566663837386364303332356531323635313332643739363133643664336232
30333139626333393537643136366330363839643132333931303765383232313964363832363962
37393535323736333730353430353961363064353830333530393338626339643736393361616439
31613536613831303630656531343865366331313436393932326235373639663834666132323963
36346665613836383037323064303334636531643237663463393339653131623433323236663331
62326434666263363136303863333439316263393839393562376564343033303863656365326638
35623864316436336166623766356632313834306265326430336364353165366632393530643833
30303333633465326162633733323035313736313232366365623866383065653437663563336336
36633134313731326438356136643738633465663634623964343936396530383564646236316463
31636331323436626335616164626662636531346663623466333963613432303230646532623263
31356534643437356638383232303063656335373034333239636634313136626262623031363263
30366234613334313738386330663430653162396535643634313564343734626465363134303733
64376335643563383235333862383934333539373161336538343334326135633037636231656561
34353732343430616164
