$ANSIBLE_VAULT;1.1;AES256
63366433333637646337643863313666306134366436626263333533346632616266383361613461
3738346639396164386530656531383163303537383435310a666635326334346237613939666435
37646136626665643765613734643431613463616336666461613165643661373432393965626662
3464306664306135320a366161326237656335373537323935663831363333393466333732353134
62383032343432326565336638353738376261643437623333353138343836333233623734333639
66313365663462633332663436666433643632343033623561366336623839666432656166616538
65633531376531336138643037666637343733643465366566336434353432613337633664656164
35386535303562353063383239373637313632366565636639323238366234653865656535656432
65373934616633336264373633303039653331336361633435643036383064306239633262353061
31653030396234373137333364303737326464373863313933623534636531393463373938336164
35363961323164646132633663633838316566366330316131616466363739386461366664336336
38653530393166623034663361636234303636656564336264636362646439616266383963646331
34383964376136346361643434653165653562623630636539663761663766343838303437633337
64323630663963396233356137626439383134633835366239376536633437663966353663373536
31353431376131363935313035643566353135356339303136616336366635333834393432646164
38643064616662613531376166333637633039326638626461653062356631313231613632396538
39326533393330363939323631626438616437633736316631636333303732366464623063366432
32323337323837653832663034623934323036316438653765353931303336356238363965386533
64653462316139363662396538383830316464393439306431623064383032323336303161373836
62616436353461346531333964313261646166303638616166303062333935626431316332663434
34376134626439336134356364343437663938313165306632383433623131303562663566306461
38336663663164343933653538306366663938333061343166346334396331626131313462363131
63636364636366663639386461316536353761373965336631313364653930363435396230353237
64643233353735613535313434316232326238323362333965393861653561373634636431636662
37313834393562346262623765616366376136356263626466366435343131613338613237373264
3439316163303738346538373831623138376566623062356333
